
======================================================================
Device: 192.168.0.110:502
======================================================================
Unit ID:        2
Base Address:   40000
Building match database from 17 models...
Database built: 186 unique values from 328 points.

================================================================================
Raw Read: Start 1, Count 1126
--------------------------------------------------------------------------------
Addr     Hex    UInt16   Int16    Value           Acc Bits (Binary)      Guess/Notes
--------------------------------------------------------------------------------------------------------------
1        6E53   28243    28243    28243               0110111001010011   
2        0001   1        1        1                   0000000000000001   
3        0042   66       66       66                  0000000001000010   [Matches: 1.L (raw)]
4        4672   18034    18034    18034               0100011001110010   
5        616E   24942    24942    24942               0110000101101110   
6        6B6C   27500    27500    27500               0110101101101100   
7        696E   26990    26990    26990               0110100101101110   
8        5748   22344    22344    22344               0101011101001000   
9        2054   8276     8276     8276                0010000001010100   
10       6563   25955    25955    25955               0110010101100011   
11       686E   26734    26734    26734               0110100001101110   
12       6F6C   28524    28524    28524               0110111101101100   
13       6F67   28519    28519    28519               0110111101100111   
14       6965   26981    26981    26981               0110100101100101   
15       7320   29472    29472    29472               0111001100100000   
16       436F   17263    17263    17263               0100001101101111   
17       2E2C   11820    11820    11820               0010111000101100   
18       204C   8268     8268     8268                0010000001001100   
19       7464   29796    29796    29796               0111010001100100   
20       6147   24903    24903    24903               0110000101000111   
21       6174   24948    24948    24948               0110000101110100   
22       6520   25888    25888    25888               0110010100100000   
23       5800   22528    22528    22528               0101100000000000   
24       0000   0        0        0                   0000000000000000   
25       0000   0        0        0                   0000000000000000   
26       0000   0        0        0                   0000000000000000   
27       0000   0        0        0                   0000000000000000   
28       0000   0        0        0                   0000000000000000   
29       0000   0        0        0                   0000000000000000   
30       0000   0        0        0                   0000000000000000   
31       0000   0        0        0                   0000000000000000   
32       0000   0        0        0                   0000000000000000   
33       0000   0        0        0                   0000000000000000   
34       0000   0        0        0                   0000000000000000   
35       0000   0        0        0                   0000000000000000   
36       4F70   20336    20336    20336               0100111101110000   
37       7469   29801    29801    29801               0111010001101001   
38       6F6E   28526    28526    28526               0110111101101110   
39       204E   8270     8270     8270                0010000001001110   
40       616D   24941    24941    24941               0110000101101101   
41       6500   25856    25856    25856               0110010100000000   
42       0000   0        0        0                   0000000000000000   
43       0000   0        0        0                   0000000000000000   
44       5631   22065    22065    22065               0101011000110001   
45       3052   12370    12370    12370               0011000001010010   
46       3031   12337    12337    12337               0011000000110001   
47       4230   16944    16944    16944               0100001000110000   
48       3444   13380    13380    13380               0011010001000100   
49       3030   12336    12336    12336               0011000000110000   
50       0000   0        0        0                   0000000000000000   
51       0000   0        0        0                   0000000000000000   
52       3130   12592    12592    12592               0011000100110000   
53       3036   12342    12342    12342               0011000000110110   
54       3030   12336    12336    12336               0011000000110000   
55       3036   12342    12342    12342               0011000000110110   
56       4130   16688    16688    16688               0100000100110000   
57       3246   12870    12870    12870               0011001001000110   
58       3234   12852    12852    12852               0011001000110100   
59       3137   12599    12599    12599               0011000100110111   
60       3030   12336    12336    12336               0011000000110000   
61       3931   14641    14641    14641               0011100100110001   
62       0000   0        0        0                   0000000000000000   
63       0000   0        0        0                   0000000000000000   
64       0000   0        0        0                   0000000000000000   
65       0000   0        0        0                   0000000000000000   
66       0000   0        0        0                   0000000000000000   
67       0000   0        0        0                   0000000000000000   
68       0001   1        1        1                   0000000000000001   
69       8000   32768    -32768   -32768              1000000000000000   
70       02BD   701      701      701                 0000001010111101   [Matches: 701.ID (raw)]
71       0099   153      153      153                 0000000010011001   [Matches: 701.L (raw)]
72       0000   0        0        0                   0000000000000000   
73       0001   1        1        1                   0000000000000001   
74       0003   3        3        3                   0000000000000011   [Matches: 701.InvSt (raw), 701.TotVarh_SF (raw)...]
75       0001   1        1        1                   0000000000000001   
76       0000   0        0        0                   0000000000000000   
77       0000   0        0        0                   0000000000000000   
78       0000   0        0        0                   0000000000000000   
79       0001   1        1        1                   0000000000000001   
80       FFFE   65534    -2       -2                  1111111111111110   [Matches: 701.W (raw), 703.Hz_SF (raw)...]
81       033B   827      827      827                 0000001100111011   
82       FD43   64835    -701     -701                1111110101000011   
83       0000   0        0        0                   0000000000000000   
84       0022   34       34       34                  0000000000100010   [Matches: 701.A (raw), 701.AL1 (raw)]
85       0976   2422     2422     2422                0000100101110110   [Matches: 701.LLV (raw), 701.LNV (raw)...]
86       0976   2422     2422     2422                0000100101110110   [Matches: 701.LLV (raw), 701.LNV (raw)...]
87       0000   0        0        0                   0000000000000000   
88       C350   50000    -15536   -15536              1100001101010000   [Matches: 701.Hz (raw)]
89       0000   0        0        0                   0000000000000000   
90       0000   0        0        0                   0000000000000000   
91       0043   67       67       67                  0000000001000011   [Matches: 705.L (raw)]
92       7ED9   32473    32473    32473               0111111011011001   
93       0000   0        0        0                   0000000000000000   
94       0000   0        0        0                   0000000000000000   
95       0012   18       18       18                  0000000000010010   
96       70E2   28898    28898    28898               0111000011100010   
97       0000   0        0        0                   0000000000000000   
98       0000   0        0        0                   0000000000000000   
99       0000   0        0        0                   0000000000000000   
100      0000   0        0        0                   0000000000000000   
101      0000   0        0        0                   0000000000000000   
102      0000   0        0        0                   0000000000000000   
103      0000   0        0        0                   0000000000000000   
104      0000   0        0        0                   0000000000000000   
105      00E5   229      229      229                 0000000011100101   
106      0148   328      328      328                 0000000101001000   [Matches: 701.TmpCab (raw)]
107      0000   0        0        0                   0000000000000000   
108      0000   0        0        0                   0000000000000000   
109      00FA   250      250      250                 0000000011111010   [Matches: 701.TmpSw (raw)]
110      0000   0        0        0                   0000000000000000   
111      0000   0        0        0                   0000000000000000   
112      033B   827      827      827                 0000001100111011   
113      FD43   64835    -701     -701                1111110101000011   
114      0000   0        0        0                   0000000000000000   
115      0022   34       34       34                  0000000000100010   [Matches: 701.A (raw), 701.AL1 (raw)]
116      0976   2422     2422     2422                0000100101110110   [Matches: 701.LLV (raw), 701.LNV (raw)...]
117      0976   2422     2422     2422                0000100101110110   [Matches: 701.LLV (raw), 701.LNV (raw)...]
118      0000   0        0        0                   0000000000000000   
119      0000   0        0        0                   0000000000000000   
120      0043   67       67       67                  0000000001000011   [Matches: 705.L (raw)]
121      7F8C   32652    32652    32652               0111111110001100   
122      0000   0        0        0                   0000000000000000   
123      0000   0        0        0                   0000000000000000   
124      0012   18       18       18                  0000000000010010   
125      723B   29243    29243    29243               0111001000111011   
126      0000   0        0        0                   0000000000000000   
127      0000   0        0        0                   0000000000000000   
128      0000   0        0        0                   0000000000000000   
129      0000   0        0        0                   0000000000000000   
130      0000   0        0        0                   0000000000000000   
131      0000   0        0        0                   0000000000000000   
132      0000   0        0        0                   0000000000000000   
133      0000   0        0        0                   0000000000000000   
134      0000   0        0        0                   0000000000000000   
135      0000   0        0        0                   0000000000000000   
136      0000   0        0        0                   0000000000000000   
137      0000   0        0        0                   0000000000000000   
138      0000   0        0        0                   0000000000000000   
139      0000   0        0        0                   0000000000000000   
140      0000   0        0        0                   0000000000000000   
141      0000   0        0        0                   0000000000000000   
142      0000   0        0        0                   0000000000000000   
143      0000   0        0        0                   0000000000000000   
144      0000   0        0        0                   0000000000000000   
145      0000   0        0        0                   0000000000000000   
146      0000   0        0        0                   0000000000000000   
147      0000   0        0        0                   0000000000000000   
148      0000   0        0        0                   0000000000000000   
149      0000   0        0        0                   0000000000000000   
150      0000   0        0        0                   0000000000000000   
151      0000   0        0        0                   0000000000000000   
152      0000   0        0        0                   0000000000000000   
153      0000   0        0        0                   0000000000000000   
154      0000   0        0        0                   0000000000000000   
155      0000   0        0        0                   0000000000000000   
156      0000   0        0        0                   0000000000000000   
157      0000   0        0        0                   0000000000000000   
158      0000   0        0        0                   0000000000000000   
159      0000   0        0        0                   0000000000000000   
160      0000   0        0        0                   0000000000000000   
161      0000   0        0        0                   0000000000000000   
162      0000   0        0        0                   0000000000000000   
163      0000   0        0        0                   0000000000000000   
164      0000   0        0        0                   0000000000000000   
165      0000   0        0        0                   0000000000000000   
166      0000   0        0        0                   0000000000000000   
167      0000   0        0        0                   0000000000000000   
168      0000   0        0        0                   0000000000000000   
169      0000   0        0        0                   0000000000000000   
170      0000   0        0        0                   0000000000000000   
171      0000   0        0        0                   0000000000000000   
172      0000   0        0        0                   0000000000000000   
173      0000   0        0        0                   0000000000000000   
174      0000   0        0        0                   0000000000000000   
175      0000   0        0        0                   0000000000000000   
176      0000   0        0        0                   0000000000000000   
177      0000   0        0        0                   0000000000000000   
178      0000   0        0        0                   0000000000000000   
179      0000   0        0        0                   0000000000000000   
180      FFFF   65535    -1       -1                  1111111111111111   
181      FFFF   65535    -1       -1                  1111111111111111   
182      FFFF   65535    -1       -1                  1111111111111111   
183      FFFF   65535    -1       -1                  1111111111111111   
184      FFFF   65535    -1       -1                  1111111111111111   
185      FFFD   65533    -3       -3                  1111111111111101   [Matches: 701.Hz_SF (raw), 701.PF_SF (raw)...]
186      0000   0        0        0                   0000000000000000   
187      FFFD   65533    -3       -3                  1111111111111101   [Matches: 701.Hz_SF (raw), 701.PF_SF (raw)...]
188      0000   0        0        0                   0000000000000000   
189      0000   0        0        0                   0000000000000000   
190      0000   0        0        0                   0000000000000000   
191      0003   3        3        3                   0000000000000011   [Matches: 701.InvSt (raw), 701.TotVarh_SF (raw)...]
192      FFFF   65535    -1       -1                  1111111111111111   
193      4D61   19809    19809    19809               0100110101100001   
194      6E75   28277    28277    28277               0110111001110101   
195      6661   26209    26209    26209               0110011001100001   
196      6374   25460    25460    25460               0110001101110100   
197      7572   30066    30066    30066               0111010101110010   
198      6572   25970    25970    25970               0110010101110010   
199      2063   8291     8291     8291                0010000001100011   
200      7573   30067    30067    30067               0111010101110011   
201      746F   29807    29807    29807               0111010001101111   
202      6D20   27936    27936    27936               0110110100100000   
203      6572   25970    25970    25970               0110010101110010   
204      726F   29295    29295    29295               0111001001101111   
205      7220   29216    29216    29216               0111001000100000   
206      696E   26990    26990    26990               0110100101101110   
207      666F   26223    26223    26223               0110011001101111   
208      0000   0        0        0                   0000000000000000   
209      0000   0        0        0                   0000000000000000   
210      0000   0        0        0                   0000000000000000   
211      0000   0        0        0                   0000000000000000   
212      0000   0        0        0                   0000000000000000   
213      0000   0        0        0                   0000000000000000   
214      0000   0        0        0                   0000000000000000   
215      0000   0        0        0                   0000000000000000   
216      0000   0        0        0                   0000000000000000   
217      0000   0        0        0                   0000000000000000   
218      0000   0        0        0                   0000000000000000   
219      0000   0        0        0                   0000000000000000   
220      0000   0        0        0                   0000000000000000   
221      0000   0        0        0                   0000000000000000   
222      0000   0        0        0                   0000000000000000   
223      0000   0        0        0                   0000000000000000   
224      0000   0        0        0                   0000000000000000   
225      02BE   702      702      702                 0000001010111110   [Matches: 702.ID (raw)]
226      0032   50       50       50                  0000000000110010   [Matches: 701.Hz (scaled), 702.L (raw)]
227      1388   5000     5000     5000                0001001110001000   [Matches: 702.WChaRteMaxRtg (raw), 702.WDisChaRteMaxRtg (raw)...]
228      1388   5000     5000     5000                0001001110001000   [Matches: 702.WChaRteMaxRtg (raw), 702.WDisChaRteMaxRtg (raw)...]
229      0352   850      850      850                 0000001101010010   [Matches: 702.PFOvrExtRtg (raw), 702.PFUndExtRtg (raw)...]
230      1388   5000     5000     5000                0001001110001000   [Matches: 702.WChaRteMaxRtg (raw), 702.WDisChaRteMaxRtg (raw)...]
231      0352   850      850      850                 0000001101010010   [Matches: 702.PFOvrExtRtg (raw), 702.PFUndExtRtg (raw)...]
232      16A8   5800     5800     5800                0001011010101000   [Matches: 702.VAChaRteMaxRtg (raw), 702.VADisChaRteMaxRtg (raw)...]
233      0B7C   2940     2940     2940                0000101101111100   [Matches: 702.VarMaxAbsRtg (raw), 702.VarMaxInjRtg (raw)]
234      0B7C   2940     2940     2940                0000101101111100   [Matches: 702.VarMaxAbsRtg (raw), 702.VarMaxInjRtg (raw)]
235      1388   5000     5000     5000                0001001110001000   [Matches: 702.WChaRteMaxRtg (raw), 702.WDisChaRteMaxRtg (raw)...]
236      1388   5000     5000     5000                0001001110001000   [Matches: 702.WChaRteMaxRtg (raw), 702.WDisChaRteMaxRtg (raw)...]
237      16A8   5800     5800     5800                0001011010101000   [Matches: 702.VAChaRteMaxRtg (raw), 702.VADisChaRteMaxRtg (raw)...]
238      16A8   5800     5800     5800                0001011010101000   [Matches: 702.VAChaRteMaxRtg (raw), 702.VADisChaRteMaxRtg (raw)...]
239      00F0   240      240      240                 0000000011110000   [Matches: 702.VNomRtg (raw)]
240      0120   288      288      288                 0000000100100000   [Matches: 702.VMaxRtg (raw)]
241      00C0   192      192      192                 0000000011000000   [Matches: 702.VMinRtg (raw)]
242      00F5   245      245      245                 0000000011110101   [Matches: 702.AMaxRtg (raw)]
243      0352   850      850      850                 0000001101010010   [Matches: 702.PFOvrExtRtg (raw), 702.PFUndExtRtg (raw)...]
244      0352   850      850      850                 0000001101010010   [Matches: 702.PFOvrExtRtg (raw), 702.PFUndExtRtg (raw)...]
245      0E8D   3725     3725     3725                0000111010001101   [Matches: 702.ReactSusceptRtg (raw)]
246      0001   1        1        1                   0000000000000001   
247      0002   2        2        2                   0000000000000010   [Matches: 702.AbnOpCatRtg (raw), 704.VarSetPri (raw)...]
248      0000   0        0        0                   0000000000000000   
249      37BF   14271    14271    14271               0011011110111111   [Matches: 702.CtrlModes (raw)]
250      0001   1        1        1                   0000000000000001   
251      0000   0        0        0                   0000000000000000   
252      FFFF   65535    -1       -1                  1111111111111111   
253      FFFF   65535    -1       -1                  1111111111111111   
254      FFFF   65535    -1       -1                  1111111111111111   
255      FFFF   65535    -1       -1                  1111111111111111   
256      0000   0        0        0                   0000000000000000   
257      FFFF   65535    -1       -1                  1111111111111111   
258      FFFF   65535    -1       -1                  1111111111111111   
259      FFFF   65535    -1       -1                  1111111111111111   
260      FFFF   65535    -1       -1                  1111111111111111   
261      FFFF   65535    -1       -1                  1111111111111111   
262      FFFF   65535    -1       -1                  1111111111111111   
263      FFFF   65535    -1       -1                  1111111111111111   
264      FFFF   65535    -1       -1                  1111111111111111   
265      FFFF   65535    -1       -1                  1111111111111111   
266      FFFF   65535    -1       -1                  1111111111111111   
267      FFFF   65535    -1       -1                  1111111111111111   
268      FFFF   65535    -1       -1                  1111111111111111   
269      FFFF   65535    -1       -1                  1111111111111111   
270      0000   0        0        0                   0000000000000000   
271      FFFD   65533    -3       -3                  1111111111111101   [Matches: 701.Hz_SF (raw), 701.PF_SF (raw)...]
272      0000   0        0        0                   0000000000000000   
273      0000   0        0        0                   0000000000000000   
274      0000   0        0        0                   0000000000000000   
275      FFFF   65535    -1       -1                  1111111111111111   
276      0000   0        0        0                   0000000000000000   
277      02BF   703      703      703                 0000001010111111   [Matches: 703.ID (raw)]
278      0011   17       17       17                  0000000000010001   [Matches: 703.L (raw)]
279      0001   1        1        1                   0000000000000001   
280      09E2   2530     2530     2530                0000100111100010   [Matches: 703.ESVHi (raw)]
281      0802   2050     2050     2050                0000100000000010   [Matches: 703.ESVLo (raw)]
282      0000   0        0        0                   0000000000000000   
283      1397   5015     5015     5015                0001001110010111   [Matches: 703.ESHzHi (raw)]
284      0000   0        0        0                   0000000000000000   
285      128E   4750     4750     4750                0001001010001110   [Matches: 703.ESHzLo (raw)]
286      0000   0        0        0                   0000000000000000   
287      003C   60       60       60                  0000000000111100   [Matches: 703.ESDlyTms (raw), 713.SoC (scaled)]
288      FFFF   65535    -1       -1                  1111111111111111   
289      FFFF   65535    -1       -1                  1111111111111111   
290      0000   0        0        0                   0000000000000000   
291      0168   360      360      360                 0000000101101000   [Matches: 703.ESRmpTms (raw)]
292      FFFF   65535    -1       -1                  1111111111111111   
293      FFFF   65535    -1       -1                  1111111111111111   
294      FFFF   65535    -1       -1                  1111111111111111   
295      FFFE   65534    -2       -2                  1111111111111110   [Matches: 701.W (raw), 703.Hz_SF (raw)...]
296      02C0   704      704      704                 0000001011000000   [Matches: 704.ID (raw)]
297      0041   65       65       65                  0000000001000001   [Matches: 704.L (raw)]
298      0001   1        1        1                   0000000000000001   
299      FFFF   65535    -1       -1                  1111111111111111   
300      FFFF   65535    -1       -1                  1111111111111111   
301      FFFF   65535    -1       -1                  1111111111111111   
302      FFFF   65535    -1       -1                  1111111111111111   
303      FFFF   65535    -1       -1                  1111111111111111   
304      FFFF   65535    -1       -1                  1111111111111111   
305      FFFF   65535    -1       -1                  1111111111111111   
306      FFFF   65535    -1       -1                  1111111111111111   
307      FFFF   65535    -1       -1                  1111111111111111   
308      FFFF   65535    -1       -1                  1111111111111111   
309      FFFF   65535    -1       -1                  1111111111111111   
310      0000   0        0        0                   0000000000000000   
311      03E8   1000     1000     1000                0000001111101000   [Matches: 704.WMaxLimPct (raw)]
312      FFFF   65535    -1       -1                  1111111111111111   
313      FFFF   65535    -1       -1                  1111111111111111   
314      FFFF   65535    -1       -1                  1111111111111111   
315      FFFF   65535    -1       -1                  1111111111111111   
316      FFFF   65535    -1       -1                  1111111111111111   
317      FFFF   65535    -1       -1                  1111111111111111   
318      0000   0        0        0                   0000000000000000   
319      0000   0        0        0                   0000000000000000   
320      0000   0        0        0                   0000000000000000   
321      0000   0        0        0                   0000000000000000   
322      0000   0        0        0                   0000000000000000   
323      FFFF   65535    -1       -1                  1111111111111111   
324      F830   63536    -2000    -2000               1111100000110000   [Matches: 704.WSetPct (raw)]
325      0000   0        0        0                   0000000000000000   
326      0000   0        0        0                   0000000000000000   
327      0000   0        0        0                   0000000000000000   
328      0000   0        0        0                   0000000000000000   
329      0000   0        0        0                   0000000000000000   
330      0000   0        0        0                   0000000000000000   
331      0000   0        0        0                   0000000000000000   
332      0001   1        1        1                   0000000000000001   
333      0002   2        2        2                   0000000000000010   [Matches: 702.AbnOpCatRtg (raw), 704.VarSetPri (raw)...]
334      0000   0        0        0                   0000000000000000   
335      0000   0        0        0                   0000000000000000   
336      8000   32768    -32768   -32768              1000000000000000   
337      0000   0        0        0                   0000000000000000   
338      8000   32768    -32768   -32768              1000000000000000   
339      8000   32768    -32768   -32768              1000000000000000   
340      FFFF   65535    -1       -1                  1111111111111111   
341      FFFF   65535    -1       -1                  1111111111111111   
342      FFFF   65535    -1       -1                  1111111111111111   
343      FFFF   65535    -1       -1                  1111111111111111   
344      FFFF   65535    -1       -1                  1111111111111111   
345      FFFF   65535    -1       -1                  1111111111111111   
346      FFFF   65535    -1       -1                  1111111111111111   
347      FFFF   65535    -1       -1                  1111111111111111   
348      FFFF   65535    -1       -1                  1111111111111111   
349      FFFD   65533    -3       -3                  1111111111111101   [Matches: 701.Hz_SF (raw), 701.PF_SF (raw)...]
350      FFFF   65535    -1       -1                  1111111111111111   
351      0000   0        0        0                   0000000000000000   
352      FFFF   65535    -1       -1                  1111111111111111   
353      0000   0        0        0                   0000000000000000   
354      FFFF   65535    -1       -1                  1111111111111111   
355      03E8   1000     1000     1000                0000001111101000   [Matches: 704.WMaxLimPct (raw)]
356      0001   1        1        1                   0000000000000001   
357      FFFF   65535    -1       -1                  1111111111111111   
358      FFFF   65535    -1       -1                  1111111111111111   
359      FFFF   65535    -1       -1                  1111111111111111   
360      FFFF   65535    -1       -1                  1111111111111111   
361      FFFF   65535    -1       -1                  1111111111111111   
362      FFFF   65535    -1       -1                  1111111111111111   
363      02C1   705      705      705                 0000001011000001   [Matches: 705.ID (raw)]
364      0043   67       67       67                  0000000001000011   [Matches: 705.L (raw)]
365      0001   1        1        1                   0000000000000001   
366      0000   0        0        0                   0000000000000000   
367      0000   0        0        0                   0000000000000000   
368      0004   4        4        4                   0000000000000100   [Matches: 705.NPt (raw)]
369      0003   3        3        3                   0000000000000011   [Matches: 701.InvSt (raw), 701.TotVarh_SF (raw)...]
370      FFFF   65535    -1       -1                  1111111111111111   
371      FFFF   65535    -1       -1                  1111111111111111   
372      FFFF   65535    -1       -1                  1111111111111111   
373      FFFF   65535    -1       -1                  1111111111111111   
374      FFFF   65535    -1       -1                  1111111111111111   
375      FFFE   65534    -2       -2                  1111111111111110   [Matches: 701.W (raw), 703.Hz_SF (raw)...]
376      FFFE   65534    -2       -2                  1111111111111110   [Matches: 701.W (raw), 703.Hz_SF (raw)...]
377      0000   0        0        0                   0000000000000000   
378      0004   4        4        4                   0000000000000100   [Matches: 705.NPt (raw)]
379      0001   1        1        1                   0000000000000001   
380      0001   1        1        1                   0000000000000001   
381      2710   10000    10000    10000               0010011100010000   
382      2710   10000    10000    10000               0010011100010000   
383      0000   0        0        0                   0000000000000000   
384      012C   300      300      300                 0000000100101100   
385      0000   0        0        0                   0000000000000000   
386      0000   0        0        0                   0000000000000000   
387      0001   1        1        1                   0000000000000001   
388      50DC   20700    20700    20700               0101000011011100   
389      1130   4400     4400     4400                0001000100110000   
390      55F0   22000    22000    22000               0101010111110000   
391      0000   0        0        0                   0000000000000000   
392      5DC0   24000    24000    24000               0101110111000000   
393      0000   0        0        0                   0000000000000000   
394      64C8   25800    25800    25800               0110010011001000   
395      E890   59536    -6000    -6000               1110100010010000   
396      0004   4        4        4                   0000000000000100   [Matches: 705.NPt (raw)]
397      0001   1        1        1                   0000000000000001   
398      0001   1        1        1                   0000000000000001   
399      2710   10000    10000    10000               0010011100010000   
400      2710   10000    10000    10000               0010011100010000   
401      0000   0        0        0                   0000000000000000   
402      012C   300      300      300                 0000000100101100   
403      0000   0        0        0                   0000000000000000   
404      0000   0        0        0                   0000000000000000   
405      0000   0        0        0                   0000000000000000   
406      50DC   20700    20700    20700               0101000011011100   
407      1130   4400     4400     4400                0001000100110000   
408      55F0   22000    22000    22000               0101010111110000   
409      0000   0        0        0                   0000000000000000   
410      5DC0   24000    24000    24000               0101110111000000   
411      0000   0        0        0                   0000000000000000   
412      64C8   25800    25800    25800               0110010011001000   
413      E890   59536    -6000    -6000               1110100010010000   
414      0004   4        4        4                   0000000000000100   [Matches: 705.NPt (raw)]
415      0001   1        1        1                   0000000000000001   
416      0001   1        1        1                   0000000000000001   
417      2710   10000    10000    10000               0010011100010000   
418      2710   10000    10000    10000               0010011100010000   
419      0000   0        0        0                   0000000000000000   
420      012C   300      300      300                 0000000100101100   
421      0000   0        0        0                   0000000000000000   
422      0000   0        0        0                   0000000000000000   
423      0000   0        0        0                   0000000000000000   
424      50DC   20700    20700    20700               0101000011011100   
425      1130   4400     4400     4400                0001000100110000   
426      55F0   22000    22000    22000               0101010111110000   
427      0000   0        0        0                   0000000000000000   
428      5DC0   24000    24000    24000               0101110111000000   
429      0000   0        0        0                   0000000000000000   
430      64C8   25800    25800    25800               0110010011001000   
431      E890   59536    -6000    -6000               1110100010010000   
432      02C2   706      706      706                 0000001011000010   [Matches: 706.ID (raw)]
433      001F   31       31       31                  0000000000011111   [Matches: 706.L (raw)]
434      0001   1        1        1                   0000000000000001   
435      0000   0        0        0                   0000000000000000   
436      0000   0        0        0                   0000000000000000   
437      0002   2        2        2                   0000000000000010   [Matches: 702.AbnOpCatRtg (raw), 704.VarSetPri (raw)...]
438      0002   2        2        2                   0000000000000010   [Matches: 702.AbnOpCatRtg (raw), 704.VarSetPri (raw)...]
439      FFFF   65535    -1       -1                  1111111111111111   
440      FFFF   65535    -1       -1                  1111111111111111   
441      FFFF   65535    -1       -1                  1111111111111111   
442      FFFF   65535    -1       -1                  1111111111111111   
443      FFFF   65535    -1       -1                  1111111111111111   
444      0000   0        0        0                   0000000000000000   
445      0000   0        0        0                   0000000000000000   
446      FFFF   65535    -1       -1                  1111111111111111   
447      0002   2        2        2                   0000000000000010   [Matches: 702.AbnOpCatRtg (raw), 704.VarSetPri (raw)...]
448      0000   0        0        0                   0000000000000000   
449      0000   0        0        0                   0000000000000000   
450      0001   1        1        1                   0000000000000001   
451      0001   1        1        1                   0000000000000001   
452      00FD   253      253      253                 0000000011111101   [Matches: 703.ESVHi (scaled)]
453      0064   100      100      100                 0000000001100100   [Matches: 704.WMaxLimPct (scaled)]
454      0104   260      260      260                 0000000100000100   
455      0014   20       20       20                  0000000000010100   
456      0002   2        2        2                   0000000000000010   [Matches: 702.AbnOpCatRtg (raw), 704.VarSetPri (raw)...]
457      0000   0        0        0                   0000000000000000   
458      0000   0        0        0                   0000000000000000   
459      0001   1        1        1                   0000000000000001   
460      0000   0        0        0                   0000000000000000   
461      00FD   253      253      253                 0000000011111101   [Matches: 703.ESVHi (scaled)]
462      0064   100      100      100                 0000000001100100   [Matches: 704.WMaxLimPct (scaled)]
463      0104   260      260      260                 0000000100000100   
464      0014   20       20       20                  0000000000010100   
465      02C3   707      707      707                 0000001011000011   [Matches: 707.ID (raw)]
466      0069   105      105      105                 0000000001101001   [Matches: 707.L (raw), 708.L (raw)]
467      0001   1        1        1                   0000000000000001   
468      0000   0        0        0                   0000000000000000   
469      0000   0        0        0                   0000000000000000   
470      0005   5        5        5                   0000000000000101   [Matches: 707.NPt (raw), 708.NPt (raw)...]
471      0002   2        2        2                   0000000000000010   [Matches: 702.AbnOpCatRtg (raw), 704.VarSetPri (raw)...]
472      FFFF   65535    -1       -1                  1111111111111111   
473      FFFE   65534    -2       -2                  1111111111111110   [Matches: 701.W (raw), 703.Hz_SF (raw)...]
474      0001   1        1        1                   0000000000000001   
475      0005   5        5        5                   0000000000000101   [Matches: 707.NPt (raw), 708.NPt (raw)...]
476      0000   0        0        0                   0000000000000000   
477      0000   0        0        0                   0000000000000000   
478      0064   100      100      100                 0000000001100100   [Matches: 704.WMaxLimPct (scaled)]
479      02BC   700      700      700                 0000001010111100   
480      0000   0        0        0                   0000000000000000   
481      0064   100      100      100                 0000000001100100   [Matches: 704.WMaxLimPct (scaled)]
482      02BC   700      700      700                 0000001010111100   
483      0000   0        0        0                   0000000000000000   
484      03E8   1000     1000     1000                0000001111101000   [Matches: 704.WMaxLimPct (raw)]
485      0708   1800     1800     1800                0000011100001000   
486      0000   0        0        0                   0000000000000000   
487      03E8   1000     1000     1000                0000001111101000   [Matches: 704.WMaxLimPct (raw)]
488      0708   1800     1800     1800                0000011100001000   
489      0000   0        0        0                   0000000000000000   
490      0834   2100     2100     2100                0000100000110100   
491      FFFF   65535    -1       -1                  1111111111111111   
492      FFFF   65535    -1       -1                  1111111111111111   
493      FFFF   65535    -1       -1                  1111111111111111   
494      FFFF   65535    -1       -1                  1111111111111111   
495      FFFF   65535    -1       -1                  1111111111111111   
496      FFFF   65535    -1       -1                  1111111111111111   
497      FFFF   65535    -1       -1                  1111111111111111   
498      FFFF   65535    -1       -1                  1111111111111111   
499      FFFF   65535    -1       -1                  1111111111111111   
500      FFFF   65535    -1       -1                  1111111111111111   
501      FFFF   65535    -1       -1                  1111111111111111   
502      FFFF   65535    -1       -1                  1111111111111111   
503      FFFF   65535    -1       -1                  1111111111111111   
504      FFFF   65535    -1       -1                  1111111111111111   
505      FFFF   65535    -1       -1                  1111111111111111   
506      FFFF   65535    -1       -1                  1111111111111111   
507      0002   2        2        2                   0000000000000010   [Matches: 702.AbnOpCatRtg (raw), 704.VarSetPri (raw)...]
508      01F4   500      500      500                 0000000111110100   
509      0000   0        0        0                   0000000000000000   
510      0000   0        0        0                   0000000000000000   
511      01F4   500      500      500                 0000000111110100   
512      0000   0        0        0                   0000000000000000   
513      00C8   200      200      200                 0000000011001000   
514      FFFF   65535    -1       -1                  1111111111111111   
515      FFFF   65535    -1       -1                  1111111111111111   
516      FFFF   65535    -1       -1                  1111111111111111   
517      FFFF   65535    -1       -1                  1111111111111111   
518      FFFF   65535    -1       -1                  1111111111111111   
519      FFFF   65535    -1       -1                  1111111111111111   
520      FFFF   65535    -1       -1                  1111111111111111   
521      FFFF   65535    -1       -1                  1111111111111111   
522      FFFF   65535    -1       -1                  1111111111111111   
523      0000   0        0        0                   0000000000000000   
524      0005   5        5        5                   0000000000000101   [Matches: 707.NPt (raw), 708.NPt (raw)...]
525      0000   0        0        0                   0000000000000000   
526      0000   0        0        0                   0000000000000000   
527      0064   100      100      100                 0000000001100100   [Matches: 704.WMaxLimPct (scaled)]
528      02BC   700      700      700                 0000001010111100   
529      0000   0        0        0                   0000000000000000   
530      0064   100      100      100                 0000000001100100   [Matches: 704.WMaxLimPct (scaled)]
531      02BC   700      700      700                 0000001010111100   
532      0000   0        0        0                   0000000000000000   
533      03E8   1000     1000     1000                0000001111101000   [Matches: 704.WMaxLimPct (raw)]
534      0708   1800     1800     1800                0000011100001000   
535      0000   0        0        0                   0000000000000000   
536      03E8   1000     1000     1000                0000001111101000   [Matches: 704.WMaxLimPct (raw)]
537      0708   1800     1800     1800                0000011100001000   
538      0000   0        0        0                   0000000000000000   
539      0834   2100     2100     2100                0000100000110100   
540      FFFF   65535    -1       -1                  1111111111111111   
541      FFFF   65535    -1       -1                  1111111111111111   
542      FFFF   65535    -1       -1                  1111111111111111   
543      FFFF   65535    -1       -1                  1111111111111111   
544      FFFF   65535    -1       -1                  1111111111111111   
545      FFFF   65535    -1       -1                  1111111111111111   
546      FFFF   65535    -1       -1                  1111111111111111   
547      FFFF   65535    -1       -1                  1111111111111111   
548      FFFF   65535    -1       -1                  1111111111111111   
549      FFFF   65535    -1       -1                  1111111111111111   
550      FFFF   65535    -1       -1                  1111111111111111   
551      FFFF   65535    -1       -1                  1111111111111111   
552      FFFF   65535    -1       -1                  1111111111111111   
553      FFFF   65535    -1       -1                  1111111111111111   
554      FFFF   65535    -1       -1                  1111111111111111   
555      FFFF   65535    -1       -1                  1111111111111111   
556      0002   2        2        2                   0000000000000010   [Matches: 702.AbnOpCatRtg (raw), 704.VarSetPri (raw)...]
557      01F4   500      500      500                 0000000111110100   
558      0000   0        0        0                   0000000000000000   
559      0000   0        0        0                   0000000000000000   
560      01F4   500      500      500                 0000000111110100   
561      0000   0        0        0                   0000000000000000   
562      00C8   200      200      200                 0000000011001000   
563      FFFF   65535    -1       -1                  1111111111111111   
564      FFFF   65535    -1       -1                  1111111111111111   
565      FFFF   65535    -1       -1                  1111111111111111   
566      FFFF   65535    -1       -1                  1111111111111111   
567      FFFF   65535    -1       -1                  1111111111111111   
568      FFFF   65535    -1       -1                  1111111111111111   
569      FFFF   65535    -1       -1                  1111111111111111   
570      FFFF   65535    -1       -1                  1111111111111111   
571      FFFF   65535    -1       -1                  1111111111111111   
572      02C4   708      708      708                 0000001011000100   [Matches: 708.ID (raw)]
573      0069   105      105      105                 0000000001101001   [Matches: 707.L (raw), 708.L (raw)]
574      0001   1        1        1                   0000000000000001   
575      0000   0        0        0                   0000000000000000   
576      0000   0        0        0                   0000000000000000   
577      0005   5        5        5                   0000000000000101   [Matches: 707.NPt (raw), 708.NPt (raw)...]
578      0002   2        2        2                   0000000000000010   [Matches: 702.AbnOpCatRtg (raw), 704.VarSetPri (raw)...]
579      FFFF   65535    -1       -1                  1111111111111111   
580      FFFE   65534    -2       -2                  1111111111111110   [Matches: 701.W (raw), 703.Hz_SF (raw)...]
581      0001   1        1        1                   0000000000000001   
582      0005   5        5        5                   0000000000000101   [Matches: 707.NPt (raw), 708.NPt (raw)...]
583      04BA   1210     1210     1210                0000010010111010   
584      0000   0        0        0                   0000000000000000   
585      0014   20       20       20                  0000000000010100   
586      0ABE   2750     2750     2750                0000101010111110   
587      0000   0        0        0                   0000000000000000   
588      0014   20       20       20                  0000000000010100   
589      0ABE   2750     2750     2750                0000101010111110   
590      0000   0        0        0                   0000000000000000   
591      0064   100      100      100                 0000000001100100   [Matches: 704.WMaxLimPct (scaled)]
592      0A5A   2650     2650     2650                0000101001011010   
593      0000   0        0        0                   0000000000000000   
594      0064   100      100      100                 0000000001100100   [Matches: 704.WMaxLimPct (scaled)]
595      0A5A   2650     2650     2650                0000101001011010   
596      0000   0        0        0                   0000000000000000   
597      0834   2100     2100     2100                0000100000110100   
598      FFFF   65535    -1       -1                  1111111111111111   
599      FFFF   65535    -1       -1                  1111111111111111   
600      FFFF   65535    -1       -1                  1111111111111111   
601      FFFF   65535    -1       -1                  1111111111111111   
602      FFFF   65535    -1       -1                  1111111111111111   
603      FFFF   65535    -1       -1                  1111111111111111   
604      FFFF   65535    -1       -1                  1111111111111111   
605      FFFF   65535    -1       -1                  1111111111111111   
606      FFFF   65535    -1       -1                  1111111111111111   
607      FFFF   65535    -1       -1                  1111111111111111   
608      FFFF   65535    -1       -1                  1111111111111111   
609      FFFF   65535    -1       -1                  1111111111111111   
610      FFFF   65535    -1       -1                  1111111111111111   
611      FFFF   65535    -1       -1                  1111111111111111   
612      FFFF   65535    -1       -1                  1111111111111111   
613      FFFF   65535    -1       -1                  1111111111111111   
614      0002   2        2        2                   0000000000000010   [Matches: 702.AbnOpCatRtg (raw), 704.VarSetPri (raw)...]
615      044C   1100     1100     1100                0000010001001100   
616      0000   0        0        0                   0000000000000000   
617      0000   0        0        0                   0000000000000000   
618      044C   1100     1100     1100                0000010001001100   
619      0000   0        0        0                   0000000000000000   
620      0514   1300     1300     1300                0000010100010100   
621      FFFF   65535    -1       -1                  1111111111111111   
622      FFFF   65535    -1       -1                  1111111111111111   
623      FFFF   65535    -1       -1                  1111111111111111   
624      FFFF   65535    -1       -1                  1111111111111111   
625      FFFF   65535    -1       -1                  1111111111111111   
626      FFFF   65535    -1       -1                  1111111111111111   
627      FFFF   65535    -1       -1                  1111111111111111   
628      FFFF   65535    -1       -1                  1111111111111111   
629      FFFF   65535    -1       -1                  1111111111111111   
630      0000   0        0        0                   0000000000000000   
631      0005   5        5        5                   0000000000000101   [Matches: 707.NPt (raw), 708.NPt (raw)...]
632      04BA   1210     1210     1210                0000010010111010   
633      0000   0        0        0                   0000000000000000   
634      0014   20       20       20                  0000000000010100   
635      0ABE   2750     2750     2750                0000101010111110   
636      0000   0        0        0                   0000000000000000   
637      0014   20       20       20                  0000000000010100   
638      0ABE   2750     2750     2750                0000101010111110   
639      0000   0        0        0                   0000000000000000   
640      0064   100      100      100                 0000000001100100   [Matches: 704.WMaxLimPct (scaled)]
641      0A5A   2650     2650     2650                0000101001011010   
642      0000   0        0        0                   0000000000000000   
643      0064   100      100      100                 0000000001100100   [Matches: 704.WMaxLimPct (scaled)]
644      0A5A   2650     2650     2650                0000101001011010   
645      0000   0        0        0                   0000000000000000   
646      0834   2100     2100     2100                0000100000110100   
647      FFFF   65535    -1       -1                  1111111111111111   
648      FFFF   65535    -1       -1                  1111111111111111   
649      FFFF   65535    -1       -1                  1111111111111111   
650      FFFF   65535    -1       -1                  1111111111111111   
651      FFFF   65535    -1       -1                  1111111111111111   
652      FFFF   65535    -1       -1                  1111111111111111   
653      FFFF   65535    -1       -1                  1111111111111111   
654      FFFF   65535    -1       -1                  1111111111111111   
655      FFFF   65535    -1       -1                  1111111111111111   
656      FFFF   65535    -1       -1                  1111111111111111   
657      FFFF   65535    -1       -1                  1111111111111111   
658      FFFF   65535    -1       -1                  1111111111111111   
659      FFFF   65535    -1       -1                  1111111111111111   
660      FFFF   65535    -1       -1                  1111111111111111   
661      FFFF   65535    -1       -1                  1111111111111111   
662      FFFF   65535    -1       -1                  1111111111111111   
663      0002   2        2        2                   0000000000000010   [Matches: 702.AbnOpCatRtg (raw), 704.VarSetPri (raw)...]
664      044C   1100     1100     1100                0000010001001100   
665      0000   0        0        0                   0000000000000000   
666      0000   0        0        0                   0000000000000000   
667      044C   1100     1100     1100                0000010001001100   
668      0000   0        0        0                   0000000000000000   
669      0514   1300     1300     1300                0000010100010100   
670      FFFF   65535    -1       -1                  1111111111111111   
671      FFFF   65535    -1       -1                  1111111111111111   
672      FFFF   65535    -1       -1                  1111111111111111   
673      FFFF   65535    -1       -1                  1111111111111111   
674      FFFF   65535    -1       -1                  1111111111111111   
675      FFFF   65535    -1       -1                  1111111111111111   
676      FFFF   65535    -1       -1                  1111111111111111   
677      FFFF   65535    -1       -1                  1111111111111111   
678      FFFF   65535    -1       -1                  1111111111111111   
679      02C5   709      709      709                 0000001011000101   [Matches: 709.ID (raw)]
680      0087   135      135      135                 0000000010000111   [Matches: 709.L (raw), 710.L (raw)]
681      0001   1        1        1                   0000000000000001   
682      0000   0        0        0                   0000000000000000   
683      0000   0        0        0                   0000000000000000   
684      0005   5        5        5                   0000000000000101   [Matches: 707.NPt (raw), 708.NPt (raw)...]
685      0002   2        2        2                   0000000000000010   [Matches: 702.AbnOpCatRtg (raw), 704.VarSetPri (raw)...]
686      FFFF   65535    -1       -1                  1111111111111111   
687      FFFE   65534    -2       -2                  1111111111111110   [Matches: 701.W (raw), 703.Hz_SF (raw)...]
688      0001   1        1        1                   0000000000000001   
689      0005   5        5        5                   0000000000000101   [Matches: 707.NPt (raw), 708.NPt (raw)...]
690      0000   0        0        0                   0000000000000000   
691      01F4   500      500      500                 0000000111110100   
692      0000   0        0        0                   0000000000000000   
693      0064   100      100      100                 0000000001100100   [Matches: 704.WMaxLimPct (scaled)]
694      0000   0        0        0                   0000000000000000   
695      01D6   470      470      470                 0000000111010110   
696      0000   0        0        0                   0000000000000000   
697      0064   100      100      100                 0000000001100100   [Matches: 704.WMaxLimPct (scaled)]
698      0000   0        0        0                   0000000000000000   
699      01D6   470      470      470                 0000000111010110   
700      0000   0        0        0                   0000000000000000   
701      0064   100      100      100                 0000000001100100   [Matches: 704.WMaxLimPct (scaled)]
702      0000   0        0        0                   0000000000000000   
703      01D6   470      470      470                 0000000111010110   
704      0000   0        0        0                   0000000000000000   
705      0064   100      100      100                 0000000001100100   [Matches: 704.WMaxLimPct (scaled)]
706      0000   0        0        0                   0000000000000000   
707      01D6   470      470      470                 0000000111010110   
708      0000   0        0        0                   0000000000000000   
709      88B8   35000    -30536   -30536              1000100010111000   
710      FFFF   65535    -1       -1                  1111111111111111   
711      FFFF   65535    -1       -1                  1111111111111111   
712      FFFF   65535    -1       -1                  1111111111111111   
713      FFFF   65535    -1       -1                  1111111111111111   
714      FFFF   65535    -1       -1                  1111111111111111   
715      FFFF   65535    -1       -1                  1111111111111111   
716      FFFF   65535    -1       -1                  1111111111111111   
717      FFFF   65535    -1       -1                  1111111111111111   
718      FFFF   65535    -1       -1                  1111111111111111   
719      FFFF   65535    -1       -1                  1111111111111111   
720      FFFF   65535    -1       -1                  1111111111111111   
721      FFFF   65535    -1       -1                  1111111111111111   
722      FFFF   65535    -1       -1                  1111111111111111   
723      FFFF   65535    -1       -1                  1111111111111111   
724      FFFF   65535    -1       -1                  1111111111111111   
725      FFFF   65535    -1       -1                  1111111111111111   
726      FFFF   65535    -1       -1                  1111111111111111   
727      FFFF   65535    -1       -1                  1111111111111111   
728      FFFF   65535    -1       -1                  1111111111111111   
729      FFFF   65535    -1       -1                  1111111111111111   
730      FFFF   65535    -1       -1                  1111111111111111   
731      FFFF   65535    -1       -1                  1111111111111111   
732      FFFF   65535    -1       -1                  1111111111111111   
733      FFFF   65535    -1       -1                  1111111111111111   
734      FFFF   65535    -1       -1                  1111111111111111   
735      FFFF   65535    -1       -1                  1111111111111111   
736      FFFF   65535    -1       -1                  1111111111111111   
737      FFFF   65535    -1       -1                  1111111111111111   
738      FFFF   65535    -1       -1                  1111111111111111   
739      FFFF   65535    -1       -1                  1111111111111111   
740      FFFF   65535    -1       -1                  1111111111111111   
741      FFFF   65535    -1       -1                  1111111111111111   
742      FFFF   65535    -1       -1                  1111111111111111   
743      FFFF   65535    -1       -1                  1111111111111111   
744      FFFF   65535    -1       -1                  1111111111111111   
745      FFFF   65535    -1       -1                  1111111111111111   
746      FFFF   65535    -1       -1                  1111111111111111   
747      FFFF   65535    -1       -1                  1111111111111111   
748      FFFF   65535    -1       -1                  1111111111111111   
749      FFFF   65535    -1       -1                  1111111111111111   
750      FFFF   65535    -1       -1                  1111111111111111   
751      FFFF   65535    -1       -1                  1111111111111111   
752      0000   0        0        0                   0000000000000000   
753      0005   5        5        5                   0000000000000101   [Matches: 707.NPt (raw), 708.NPt (raw)...]
754      0000   0        0        0                   0000000000000000   
755      01F4   500      500      500                 0000000111110100   
756      0000   0        0        0                   0000000000000000   
757      0064   100      100      100                 0000000001100100   [Matches: 704.WMaxLimPct (scaled)]
758      0000   0        0        0                   0000000000000000   
759      01D6   470      470      470                 0000000111010110   
760      0000   0        0        0                   0000000000000000   
761      0064   100      100      100                 0000000001100100   [Matches: 704.WMaxLimPct (scaled)]
762      0000   0        0        0                   0000000000000000   
763      01D6   470      470      470                 0000000111010110   
764      0000   0        0        0                   0000000000000000   
765      0064   100      100      100                 0000000001100100   [Matches: 704.WMaxLimPct (scaled)]
766      0000   0        0        0                   0000000000000000   
767      01D6   470      470      470                 0000000111010110   
768      0000   0        0        0                   0000000000000000   
769      0064   100      100      100                 0000000001100100   [Matches: 704.WMaxLimPct (scaled)]
770      0000   0        0        0                   0000000000000000   
771      01D6   470      470      470                 0000000111010110   
772      0000   0        0        0                   0000000000000000   
773      88B8   35000    -30536   -30536              1000100010111000   
774      FFFF   65535    -1       -1                  1111111111111111   
775      FFFF   65535    -1       -1                  1111111111111111   
776      FFFF   65535    -1       -1                  1111111111111111   
777      FFFF   65535    -1       -1                  1111111111111111   
778      FFFF   65535    -1       -1                  1111111111111111   
779      FFFF   65535    -1       -1                  1111111111111111   
780      FFFF   65535    -1       -1                  1111111111111111   
781      FFFF   65535    -1       -1                  1111111111111111   
782      FFFF   65535    -1       -1                  1111111111111111   
783      FFFF   65535    -1       -1                  1111111111111111   
784      FFFF   65535    -1       -1                  1111111111111111   
785      FFFF   65535    -1       -1                  1111111111111111   
786      FFFF   65535    -1       -1                  1111111111111111   
787      FFFF   65535    -1       -1                  1111111111111111   
788      FFFF   65535    -1       -1                  1111111111111111   
789      FFFF   65535    -1       -1                  1111111111111111   
790      FFFF   65535    -1       -1                  1111111111111111   
791      FFFF   65535    -1       -1                  1111111111111111   
792      FFFF   65535    -1       -1                  1111111111111111   
793      FFFF   65535    -1       -1                  1111111111111111   
794      FFFF   65535    -1       -1                  1111111111111111   
795      FFFF   65535    -1       -1                  1111111111111111   
796      FFFF   65535    -1       -1                  1111111111111111   
797      FFFF   65535    -1       -1                  1111111111111111   
798      FFFF   65535    -1       -1                  1111111111111111   
799      FFFF   65535    -1       -1                  1111111111111111   
800      FFFF   65535    -1       -1                  1111111111111111   
801      FFFF   65535    -1       -1                  1111111111111111   
802      FFFF   65535    -1       -1                  1111111111111111   
803      FFFF   65535    -1       -1                  1111111111111111   
804      FFFF   65535    -1       -1                  1111111111111111   
805      FFFF   65535    -1       -1                  1111111111111111   
806      FFFF   65535    -1       -1                  1111111111111111   
807      FFFF   65535    -1       -1                  1111111111111111   
808      FFFF   65535    -1       -1                  1111111111111111   
809      FFFF   65535    -1       -1                  1111111111111111   
810      FFFF   65535    -1       -1                  1111111111111111   
811      FFFF   65535    -1       -1                  1111111111111111   
812      FFFF   65535    -1       -1                  1111111111111111   
813      FFFF   65535    -1       -1                  1111111111111111   
814      FFFF   65535    -1       -1                  1111111111111111   
815      FFFF   65535    -1       -1                  1111111111111111   
816      02C6   710      710      710                 0000001011000110   [Matches: 710.ID (raw)]
817      0087   135      135      135                 0000000010000111   [Matches: 709.L (raw), 710.L (raw)]
818      0001   1        1        1                   0000000000000001   
819      0000   0        0        0                   0000000000000000   
820      0000   0        0        0                   0000000000000000   
821      0005   5        5        5                   0000000000000101   [Matches: 707.NPt (raw), 708.NPt (raw)...]
822      0002   2        2        2                   0000000000000010   [Matches: 702.AbnOpCatRtg (raw), 704.VarSetPri (raw)...]
823      FFFF   65535    -1       -1                  1111111111111111   
824      FFFE   65534    -2       -2                  1111111111111110   [Matches: 701.W (raw), 703.Hz_SF (raw)...]
825      0001   1        1        1                   0000000000000001   
826      0005   5        5        5                   0000000000000101   [Matches: 707.NPt (raw), 708.NPt (raw)...]
827      0000   0        0        0                   0000000000000000   
828      0276   630      630      630                 0000001001110110   
829      0000   0        0        0                   0000000000000000   
830      0014   20       20       20                  0000000000010100   
831      0000   0        0        0                   0000000000000000   
832      0208   520      520      520                 0000001000001000   
833      0000   0        0        0                   0000000000000000   
834      0014   20       20       20                  0000000000010100   
835      0000   0        0        0                   0000000000000000   
836      0208   520      520      520                 0000001000001000   
837      0000   0        0        0                   0000000000000000   
838      0014   20       20       20                  0000000000010100   
839      0000   0        0        0                   0000000000000000   
840      0208   520      520      520                 0000001000001000   
841      0000   0        0        0                   0000000000000000   
842      0014   20       20       20                  0000000000010100   
843      0000   0        0        0                   0000000000000000   
844      0208   520      520      520                 0000001000001000   
845      0000   0        0        0                   0000000000000000   
846      7918   31000    31000    31000               0111100100011000   
847      FFFF   65535    -1       -1                  1111111111111111   
848      FFFF   65535    -1       -1                  1111111111111111   
849      FFFF   65535    -1       -1                  1111111111111111   
850      FFFF   65535    -1       -1                  1111111111111111   
851      FFFF   65535    -1       -1                  1111111111111111   
852      FFFF   65535    -1       -1                  1111111111111111   
853      FFFF   65535    -1       -1                  1111111111111111   
854      FFFF   65535    -1       -1                  1111111111111111   
855      FFFF   65535    -1       -1                  1111111111111111   
856      FFFF   65535    -1       -1                  1111111111111111   
857      FFFF   65535    -1       -1                  1111111111111111   
858      FFFF   65535    -1       -1                  1111111111111111   
859      FFFF   65535    -1       -1                  1111111111111111   
860      FFFF   65535    -1       -1                  1111111111111111   
861      FFFF   65535    -1       -1                  1111111111111111   
862      FFFF   65535    -1       -1                  1111111111111111   
863      FFFF   65535    -1       -1                  1111111111111111   
864      FFFF   65535    -1       -1                  1111111111111111   
865      FFFF   65535    -1       -1                  1111111111111111   
866      FFFF   65535    -1       -1                  1111111111111111   
867      FFFF   65535    -1       -1                  1111111111111111   
868      FFFF   65535    -1       -1                  1111111111111111   
869      FFFF   65535    -1       -1                  1111111111111111   
870      FFFF   65535    -1       -1                  1111111111111111   
871      FFFF   65535    -1       -1                  1111111111111111   
872      FFFF   65535    -1       -1                  1111111111111111   
873      FFFF   65535    -1       -1                  1111111111111111   
874      FFFF   65535    -1       -1                  1111111111111111   
875      FFFF   65535    -1       -1                  1111111111111111   
876      FFFF   65535    -1       -1                  1111111111111111   
877      FFFF   65535    -1       -1                  1111111111111111   
878      FFFF   65535    -1       -1                  1111111111111111   
879      FFFF   65535    -1       -1                  1111111111111111   
880      FFFF   65535    -1       -1                  1111111111111111   
881      FFFF   65535    -1       -1                  1111111111111111   
882      FFFF   65535    -1       -1                  1111111111111111   
883      FFFF   65535    -1       -1                  1111111111111111   
884      FFFF   65535    -1       -1                  1111111111111111   
885      FFFF   65535    -1       -1                  1111111111111111   
886      FFFF   65535    -1       -1                  1111111111111111   
887      FFFF   65535    -1       -1                  1111111111111111   
888      FFFF   65535    -1       -1                  1111111111111111   
889      0000   0        0        0                   0000000000000000   
890      0005   5        5        5                   0000000000000101   [Matches: 707.NPt (raw), 708.NPt (raw)...]
891      0000   0        0        0                   0000000000000000   
892      0276   630      630      630                 0000001001110110   
893      0000   0        0        0                   0000000000000000   
894      0014   20       20       20                  0000000000010100   
895      0000   0        0        0                   0000000000000000   
896      0208   520      520      520                 0000001000001000   
897      0000   0        0        0                   0000000000000000   
898      0014   20       20       20                  0000000000010100   
899      0000   0        0        0                   0000000000000000   
900      0208   520      520      520                 0000001000001000   
901      0000   0        0        0                   0000000000000000   
902      0014   20       20       20                  0000000000010100   
903      0000   0        0        0                   0000000000000000   
904      0208   520      520      520                 0000001000001000   
905      0000   0        0        0                   0000000000000000   
906      0014   20       20       20                  0000000000010100   
907      0000   0        0        0                   0000000000000000   
908      0208   520      520      520                 0000001000001000   
909      0000   0        0        0                   0000000000000000   
910      7918   31000    31000    31000               0111100100011000   
911      FFFF   65535    -1       -1                  1111111111111111   
912      FFFF   65535    -1       -1                  1111111111111111   
913      FFFF   65535    -1       -1                  1111111111111111   
914      FFFF   65535    -1       -1                  1111111111111111   
915      FFFF   65535    -1       -1                  1111111111111111   
916      FFFF   65535    -1       -1                  1111111111111111   
917      FFFF   65535    -1       -1                  1111111111111111   
918      FFFF   65535    -1       -1                  1111111111111111   
919      FFFF   65535    -1       -1                  1111111111111111   
920      FFFF   65535    -1       -1                  1111111111111111   
921      FFFF   65535    -1       -1                  1111111111111111   
922      FFFF   65535    -1       -1                  1111111111111111   
923      FFFF   65535    -1       -1                  1111111111111111   
924      FFFF   65535    -1       -1                  1111111111111111   
925      FFFF   65535    -1       -1                  1111111111111111   
926      FFFF   65535    -1       -1                  1111111111111111   
927      FFFF   65535    -1       -1                  1111111111111111   
928      FFFF   65535    -1       -1                  1111111111111111   
929      FFFF   65535    -1       -1                  1111111111111111   
930      FFFF   65535    -1       -1                  1111111111111111   
931      FFFF   65535    -1       -1                  1111111111111111   
932      FFFF   65535    -1       -1                  1111111111111111   
933      FFFF   65535    -1       -1                  1111111111111111   
934      FFFF   65535    -1       -1                  1111111111111111   
935      FFFF   65535    -1       -1                  1111111111111111   
936      FFFF   65535    -1       -1                  1111111111111111   
937      FFFF   65535    -1       -1                  1111111111111111   
938      FFFF   65535    -1       -1                  1111111111111111   
939      FFFF   65535    -1       -1                  1111111111111111   
940      FFFF   65535    -1       -1                  1111111111111111   
941      FFFF   65535    -1       -1                  1111111111111111   
942      FFFF   65535    -1       -1                  1111111111111111   
943      FFFF   65535    -1       -1                  1111111111111111   
944      FFFF   65535    -1       -1                  1111111111111111   
945      FFFF   65535    -1       -1                  1111111111111111   
946      FFFF   65535    -1       -1                  1111111111111111   
947      FFFF   65535    -1       -1                  1111111111111111   
948      FFFF   65535    -1       -1                  1111111111111111   
949      FFFF   65535    -1       -1                  1111111111111111   
950      FFFF   65535    -1       -1                  1111111111111111   
951      FFFF   65535    -1       -1                  1111111111111111   
952      FFFF   65535    -1       -1                  1111111111111111   
953      02C7   711      711      711                 0000001011000111   [Matches: 711.ID (raw)]
954      0020   32       32       32                  0000000000100000   [Matches: 711.L (raw)]
955      0001   1        1        1                   0000000000000001   
956      0000   0        0        0                   0000000000000000   
957      0000   0        0        0                   0000000000000000   
958      0002   2        2        2                   0000000000000010   [Matches: 702.AbnOpCatRtg (raw), 704.VarSetPri (raw)...]
959      FFFF   65535    -1       -1                  1111111111111111   
960      FFFF   65535    -1       -1                  1111111111111111   
961      FFFF   65535    -1       -1                  1111111111111111   
962      FFFF   65535    -1       -1                  1111111111111111   
963      FFFF   65535    -1       -1                  1111111111111111   
964      FFFD   65533    -3       -3                  1111111111111101   [Matches: 701.Hz_SF (raw), 701.PF_SF (raw)...]
965      FFFD   65533    -3       -3                  1111111111111101   [Matches: 701.Hz_SF (raw), 701.PF_SF (raw)...]
966      FFFF   65535    -1       -1                  1111111111111111   
967      0000   0        0        0                   0000000000000000   
968      00FA   250      250      250                 0000000011111010   [Matches: 701.TmpSw (raw)]
969      0000   0        0        0                   0000000000000000   
970      07D0   2000     2000     2000                0000011111010000   
971      1324   4900     4900     4900                0001001100100100   
972      13D3   5075     5075     5075                0001001111010011   
973      0000   0        0        0                   0000000000000000   
974      0001   1        1        1                   0000000000000001   
975      8000   32768    -32768   -32768              1000000000000000   
976      0001   1        1        1                   0000000000000001   
977      0000   0        0        0                   0000000000000000   
978      00FA   250      250      250                 0000000011111010   [Matches: 701.TmpSw (raw)]
979      0000   0        0        0                   0000000000000000   
980      07D0   2000     2000     2000                0000011111010000   
981      1324   4900     4900     4900                0001001100100100   
982      13D3   5075     5075     5075                0001001111010011   
983      0000   0        0        0                   0000000000000000   
984      0001   1        1        1                   0000000000000001   
985      8000   32768    -32768   -32768              1000000000000000   
986      0000   0        0        0                   0000000000000000   
987      02C8   712      712      712                 0000001011001000   [Matches: 712.ID (raw)]
988      002C   44       44       44                  0000000000101100   [Matches: 712.L (raw)]
989      0000   0        0        0                   0000000000000000   
990      0000   0        0        0                   0000000000000000   
991      0000   0        0        0                   0000000000000000   
992      0006   6        6        6                   0000000000000110   [Matches: 712.NPt (raw)]
993      0002   2        2        2                   0000000000000010   [Matches: 702.AbnOpCatRtg (raw), 704.VarSetPri (raw)...]
994      FFFF   65535    -1       -1                  1111111111111111   
995      FFFF   65535    -1       -1                  1111111111111111   
996      FFFF   65535    -1       -1                  1111111111111111   
997      FFFF   65535    -1       -1                  1111111111111111   
998      FFFF   65535    -1       -1                  1111111111111111   
999      FFFF   65535    -1       -1                  1111111111111111   
1000     FFFF   65535    -1       -1                  1111111111111111   
1001     0006   6        6        6                   0000000000000110   [Matches: 712.NPt (raw)]
1002     0001   1        1        1                   0000000000000001   
1003     0001   1        1        1                   0000000000000001   
1004     0001   1        1        1                   0000000000000001   
1005     0000   0        0        0                   0000000000000000   
1006     0000   0        0        0                   0000000000000000   
1007     0000   0        0        0                   0000000000000000   
1008     0000   0        0        0                   0000000000000000   
1009     0000   0        0        0                   0000000000000000   
1010     0000   0        0        0                   0000000000000000   
1011     0000   0        0        0                   0000000000000000   
1012     0000   0        0        0                   0000000000000000   
1013     0000   0        0        0                   0000000000000000   
1014     0000   0        0        0                   0000000000000000   
1015     0000   0        0        0                   0000000000000000   
1016     0000   0        0        0                   0000000000000000   
1017     0006   6        6        6                   0000000000000110   [Matches: 712.NPt (raw)]
1018     0001   1        1        1                   0000000000000001   
1019     0001   1        1        1                   0000000000000001   
1020     0000   0        0        0                   0000000000000000   
1021     0000   0        0        0                   0000000000000000   
1022     0000   0        0        0                   0000000000000000   
1023     0000   0        0        0                   0000000000000000   
1024     0000   0        0        0                   0000000000000000   
1025     0000   0        0        0                   0000000000000000   
1026     0000   0        0        0                   0000000000000000   
1027     0000   0        0        0                   0000000000000000   
1028     0000   0        0        0                   0000000000000000   
1029     0000   0        0        0                   0000000000000000   
1030     0000   0        0        0                   0000000000000000   
1031     0000   0        0        0                   0000000000000000   
1032     0000   0        0        0                   0000000000000000   
1033     02C9   713      713      713                 0000001011001001   [Matches: 713.ID (raw)]
1034     0007   7        7        7                   0000000000000111   [Matches: 713.L (raw), 715.L (raw)]
1035     3520   13600    13600    13600               0011010100100000   [Matches: 713.WHRtg (raw)]
1036     2019   8217     8217     8217                0010000000011001   [Matches: 713.WHAvail (raw)]
1037     0258   600      600      600                 0000001001011000   [Matches: 713.SoC (raw)]
1038     03C2   962      962      962                 0000001111000010   [Matches: 713.SoH (raw)]
1039     0000   0        0        0                   0000000000000000   
1040     0000   0        0        0                   0000000000000000   
1041     FFFF   65535    -1       -1                  1111111111111111   
1042     02CA   714      714      714                 0000001011001010   [Matches: 714.ID (raw)]
1043     002B   43       43       43                  0000000000101011   [Matches: 714.L (raw)]
1044     0000   0        0        0                   0000000000000000   
1045     0000   0        0        0                   0000000000000000   
1046     0001   1        1        1                   0000000000000001   
1047     0000   0        0        0                   0000000000000000   
1048     0190   400      400      400                 0000000110010000   [Matches: 714.DCW (raw)]
1049     0000   0        0        0                   0000000000000000   
1050     0000   0        0        0                   0000000000000000   
1051     0053   83       83       83                  0000000001010011   
1052     BFB0   49072    -16464   -16464              1011111110110000   
1053     0000   0        0        0                   0000000000000000   
1054     0000   0        0        0                   0000000000000000   
1055     0055   85       85       85                  0000000001010101   
1056     8930   35120    -30416   -30416              1000100100110000   
1057     0000   0        0        0                   0000000000000000   
1058     0000   0        0        0                   0000000000000000   
1059     0000   0        0        0                   0000000000000000   
1060     0000   0        0        0                   0000000000000000   
1061     0000   0        0        0                   0000000000000000   
1062     0000   0        0        0                   0000000000000000   
1063     0000   0        0        0                   0000000000000000   
1064     4944   18756    18756    18756               0100100101000100   
1065     5F53   24403    24403    24403               0101111101010011   
1066     7472   29810    29810    29810               0111010001110010   
1067     696E   26990    26990    26990               0110100101101110   
1068     6700   26368    26368    26368               0110011100000000   
1069     0000   0        0        0                   0000000000000000   
1070     0000   0        0        0                   0000000000000000   
1071     0000   0        0        0                   0000000000000000   
1072     0000   0        0        0                   0000000000000000   
1073     0000   0        0        0                   0000000000000000   
1074     0000   0        0        0                   0000000000000000   
1075     0000   0        0        0                   0000000000000000   
1076     0000   0        0        0                   0000000000000000   
1077     0000   0        0        0                   0000000000000000   
1078     0000   0        0        0                   0000000000000000   
1079     0000   0        0        0                   0000000000000000   
1080     0000   0        0        0                   0000000000000000   
1081     0000   0        0        0                   0000000000000000   
1082     0000   0        0        0                   0000000000000000   
1083     0000   0        0        0                   0000000000000000   
1084     0000   0        0        0                   0000000000000000   
1085     0000   0        0        0                   0000000000000000   
1086     0000   0        0        0                   0000000000000000   
1087     02CB   715      715      715                 0000001011001011   [Matches: 715.ID (raw)]
1088     0007   7        7        7                   0000000000000111   [Matches: 713.L (raw), 715.L (raw)]
1089     0001   1        1        1                   0000000000000001   
1090     0000   0        0        0                   0000000000000000   
1091     0000   0        0        0                   0000000000000000   
1092     0000   0        0        0                   0000000000000000   
1093     0000   0        0        0                   0000000000000000   
1094     0000   0        0        0                   0000000000000000   
1095     0000   0        0        0                   0000000000000000   
1096     01F6   502      502      502                 0000000111110110   [Matches: 502.ID (raw)]
1097     001C   28       28       28                  0000000000011100   [Matches: 502.L (raw)]
1098     0000   0        0        0                   0000000000000000   
1099     0000   0        0        0                   0000000000000000   
1100     0000   0        0        0                   0000000000000000   
1101     0000   0        0        0                   0000000000000000   
1102     0000   0        0        0                   0000000000000000   
1103     0000   0        0        0                   0000000000000000   
1104     0000   0        0        0                   0000000000000000   
1105     0000   0        0        0                   0000000000000000   
1106     0000   0        0        0                   0000000000000000   
1107     0000   0        0        0                   0000000000000000   
1108     FFFF   65535    -1       -1                  1111111111111111   
1109     FFFF   65535    -1       -1                  1111111111111111   
1110     FFFF   65535    -1       -1                  1111111111111111   
1111     8000   32768    -32768   -32768              1000000000000000   
1112     0000   0        0        0                   0000000000000000   
1113     0000   0        0        0                   0000000000000000   
1114     0000   0        0        0                   0000000000000000   
1115     0000   0        0        0                   0000000000000000   
1116     0000   0        0        0                   0000000000000000   
1117     00AF   175      175      175                 0000000010101111   
1118     9388   37768    -27768   -27768              1001001110001000   
1119     0000   0        0        0                   0000000000000000   
1120     0000   0        0        0                   0000000000000000   
1121     0000   0        0        0                   0000000000000000   
1122     0000   0        0        0                   0000000000000000   
1123     0000   0        0        0                   0000000000000000   
1124     0000   0        0        0                   0000000000000000   
1125     0000   0        0        0                   0000000000000000   
1126     FFFF   65535    -1       -1                  1111111111111111   
